1.014602803
0.981371649
1.014602803
0.911281101
0.981371649
1.014602803
0.981371649
1.014602803
0.981371649
1.014602803
1.014602803
1.014602803
1.014602803
0.981371649
0.981371649
0.717432522
1.014602803
1.014602803
1.014602803
0.717432522
1.014602803
1.014602803
1.014602803
1.014602803
1.046779529
1.014602803
1.014602803
1.215647867
1.014602803
1.046779529
1.014602803
1.014602803
0.981371649
1.014602803
0.762258459
1.014602803
0.981371649
1.014602803
1.215647867
1.014602803
1.046779529
1.014602803
0.981371649
0.981371649
0.981371649
1.159802858