0.966838473
0.997500419
1.027247555
0.966838473
1.027247555
1.158418964
0.966838473
1.158418964
0.726373712
0.966838473
0.966838473
0.997500419
0.966838473
0.997500419
0.935171738
1.056157182
0.966838473
1.233947266
0.966838473
0.966838473
1.158418964
1.233947266
0.935171738
0.935171738
1.132123687
0.997500419
1.056157182
1.184130461
0.683658041
0.997500419
1.132123687
0.935171738
0.683658041
0.935171738
0.997500419
0.997500419
0.935171738
0.997500419
1.209295416
0.726373712
0.966838473
0.726373712
0.966838473
0.966838473
0.935171738
0.966838473
1.184130461
1.209295416
0.966838473
0.966838473
1.132123687
0.935171738
0.966838473
0.935171738
0.966838473
1.50887744
0.966838473
0.966838473
1.158418964
0.902394441
0.966838473
1.158418964
1.158418964
0.683658041
0.935171738
0.966838473
0.966838473
0.966838473
0.935171738
0.966838473
1.132123687
1.410678621
0.935171738
0.966838473
0.935171738
0.935171738
0.966838473
0.935171738
0.966838473
0.935171738