0.692513503
1.0104211
0.947285072
0.979361988
1.0104211
0.646354435
0.979361988
1.173424032
0.979361988
0.979361988
0.979361988
1.0104211
1.587915787
1.0104211
0.979361988
0.979361988
0.979361988
0.692513503
0.979361988
0.979361988
0.979361988
0.947285072
1.199468571
1.0104211
0.947285072
1.199468571
0.979361988
0.947285072
0.979361988
0.979361988
1.0104211
0.979361988
0.947285072
1.268580043
0.979361988
1.0104211
0.947285072
1.224959489
0.979361988
0.646354435
0.979361988
0.979361988
0.979361988
1.0104211
0.979361988
0.979361988
0.947285072
1.224959489
1.40716051
1.0104211
0.735782473
1.224959489
1.040553552
0.979361988
0.979361988
0.947285072
0.735782473
0.979361988
0.979361988
0.979361988
1.173424032
0.979361988
0.979361988
1.146788151
0.979361988
0.947285072
0.947285072
0.979361988
1.224959489
1.0104211
0.979361988
0.979361988
0.947285072
0.979361988
0.979361988
0.692513503
0.979361988
0.979361988
1.0104211
0.979361988
0.979361988
1.0104211
0.979361988
1.362534003
0.979361988