1.019454805
0.988118008
0.988118008
0.988118008
0.955754308
0.988118008
1.261105706
0.988118008
1.374715787
0.988118008
0.955754308
1.235911283
1.019454805
1.019454805
0.742360762
0.955754308
0.955754308
0.955754308
0.955754308
0.887493376
0.988118008
0.988118008
0.988118008
0.988118008
0.988118008
0.698704944
0.988118008
1.374715787
0.988118008
1.183915071
0.988118008
0.988118008
0.988118008
0.742360762
0.988118008
0.988118008
0.988118008
0.955754308
0.698704944
0.988118008
0.955754308
0.988118008
0.955754308
0.988118008
0.988118008
1.210192463
1.183915071
0.988118008
0.988118008
0.988118008
1.183915071
0.988118008
0.988118008
0.988118008
0.988118008
0.988118008
0.922255601
1.019454805
0.988118008
0.988118008
0.988118008
0.988118008
0.988118008
0.988118008
1.183915071
0.988118008
0.988118008
1.019454805
1.019454805
0.988118008
0.955754308
0.988118008
0.988118008
0.988118008
0.988118008
0.988118008
0.988118008
0.988118008