0.993752077
1.025267551
0.961203845
0.993752077
0.961203845
0.927514135
0.993752077
0.993752077
1.025267551
0.961203845
1.190665539
1.025267551
0.961203845
0.993752077
0.993752077
0.961203845
0.993752077
0.993752077
0.746593568
0.746593568
0.993752077
0.961203845
0.993752077
0.961203845
0.993752077
0.993752077
0.993752077
0.993752077
0.993752077
0.961203845
0.961203845
0.961203845
1.025267551
0.993752077
0.993752077
1.21709276
0.993752077
0.702688833
0.993752077
0.993752077
0.746593568
0.993752077
1.025267551
0.961203845
0.961203845
0.993752077
0.993752077
0.993752077
0.702688833
1.025267551
0.993752077
0.993752077
0.961203845
1.21709276
0.993752077
0.961203845
0.993752077
0.993752077
0.961203845
1.025267551
0.961203845
0.993752077
1.025267551
0.993752077
0.993752077
1.025267551
0.993752077
0.993752077
1.025267551
0.993752077
0.993752077
1.382554166
0.993752077
0.993752077
0.993752077
0.993752077
0.993752077
0.993752077
1.382554166
1.21709276
0.993752077
0.961203845
1.025267551
0.993752077
0.961203845
1.055842749
1.21709276
0.993752077
1.025267551
1.025267551
1.21709276
0.993752077
0.993752077
0.993752077